4 5
0.000000 1.010467
2.000000 1.010467
1.205078 0.000000
3.205078 0.000000
7.606639 1.583926
3.764060 2.000000
8.062108 -0.019813
10.062112 -0.019813
16.000000 0.000000
20.000000 0.000000
0.000000 0.000000
0.000000 0.000000
0.000000 0.000000
0.000000 0.000000
0.000000 -0.019813
0.000000 -0.019813
0.000000 -0.019813
2.082813 -0.217944
0.248437 0.871776
6.000000 0.000000
8.000000 0.198131
7.122265 -0.632897
12.000000 0.000000
12.757813 0.039626
16.000000 0.000000
20.000000 0.000000
20.000000 -0.059439
0.000000 0.000000
0.000000 0.000000
0.000000 0.000000
0.000000 0.000000
0.000000 0.000000
0.000000 -0.019813
3.407813 1.050094
4.000000 0.000000
6.000000 0.000000
8.000000 0.000000
10.000000 0.000000
12.000000 0.000000
12.000000 1.426543
12.144918 -0.019813
16.227726 0.019813
16.227726 0.019813
20.000000 0.000000
20.000000 0.000000
20.020702 0.257570
20.020702 0.297196
20.020702 0.297196
0.020703 2.000000
2.020703 2.000000
1.896484 0.160748
2.020703 -0.296075
2.020703 -0.533832
2.861331 -1.208598
6.993757 0.000000
14.459379 0.019813
13.130083 1.385794
14.459379 -0.039626
-5.540621 -0.039626
0.000000 0.000000
0.000000 0.000000
0.000000 0.000000
0.000000 0.000000
0.000000 0.000000
